k = 25, KVCC num = 57
Node num :26
1045 77110 97459 101241 173275 207188 225421 256418 288024 294062 318275 318696 324845 328087 328970 349059 364766 405598 405599 405600 405601 405602 405603 405604 405605 405606

Node num :26
36104 40421 42256 46898 61074 61179 62591 71728 72519 89852 94779 103633 133933 139514 156702 162894 170335 180399 183857 189517 189519 197579 246611 316821 363648 363650

Node num :26
3420 7280 7630 17505 19831 21250 21634 23566 26613 27627 30141 32876 36485 49190 65241 76297 77813 81856 83315 88795 90027 100861 108168 108606 113288 128134

Node num :26
20503 31470 72210 116246 121117 223457 230620 230621 241405 243564 257012 257019 257023 261762 272552 286305 286309 286355 328201 355563 369080 404632 404660 416144 419693 419694

Node num :26
33689 195177 210072 286584 286585 286586 286587 286588 291718 291719 291720 291721 291722 291723 291724 291725 291726 291727 291728 296899 296900 296901 296902 296951 296952 310999

Node num :26
1442 19114 28290 29515 30925 34877 35249 36799 37174 38700 38868 39726 41990 42857 44544 44646 45479 46911 57571 64673 68391 88766 97422 97423 97424 103632

Node num :26
4769 6772 16986 18324 21055 31519 34355 79279 97752 167700 184038 187361 211757 227233 278141 298902 315769 321750 321754 323390 333471 333472 333473 360938 362583 404914

Node num :26
34838 34839 44415 49445 51916 70926 105295 109225 181968 181969 181971 181972 204410 204411 204412 204437 204601 204602 204603 204604 204605 204606 204607 204608 204610 204611

Node num :26
111578 189815 260803 305547 318751 318752 318753 318754 318799 319162 319163 319164 319165 319166 319167 319168 319169 319284 319285 319303 319304 344002 346240 355787 355795 358022

Node num :27
318654 318655 318656 318657 318658 318659 318660 318661 318662 318663 318664 318665 318666 318733 319198 319244 319245 319246 319247 319248 319249 319250 319251 319252 332591 337282 355671

Node num :27
29124 32699 39221 40268 43189 43314 47080 52383 62833 72868 75161 81559 81863 84047 85428 89785 94490 109382 115945 123867 144054 155171 155172 155261 155837 159091 159092

Node num :27
70046 88014 108199 149082 186584 264741 267078 268853 285122 287629 287630 287631 287633 287635 287636 287637 311768 361523 361524 361525 361526 361527 361528 361529 361530 361531 361532

Node num :27
9928 94995 285874 285875 286182 286183 286184 286185 286186 286187 286188 286452 286453 286454 286455 286456 286457 286458 286459 286460 286461 286462 286463 297099 297100 303614 303615

Node num :27
30131 31119 31254 182199 182200 182201 182202 182203 182204 182205 182206 182207 182208 182209 182210 182211 182212 182213 187138 187139 187140 187141 187142 187143 187144 187145 198815

Node num :28
46988 109015 122485 202540 229668 235977 236500 295635 314960 322249 322250 322251 322252 322253 322254 322255 322256 322257 322258 322259 327126 327127 327128 327129 327130 327131 350578 355056

Node num :28
30207 58807 76105 80949 85022 113991 125859 145921 168005 168007 170035 172273 182983 183285 206634 225557 229269 230759 230760 230761 230762 233712 236386 236387 236388 236389 236390 240607

Node num :28
79910 111578 189815 260803 305547 318751 318752 318753 318754 318799 319162 319163 319165 319166 319167 319168 319169 319284 319285 319303 319304 346240 355787 355795 358022 359915 359916 381308

Node num :28
6925 31014 41500 58731 61886 89380 99462 100585 100586 100587 100588 111451 111452 111453 111454 111455 111456 111457 111458 111459 115175 115176 115177 115178 121241 121242 121243 121244

Node num :28
28392 174432 208157 222623 227293 227294 227295 260627 261121 265123 269104 290318 290319 290320 290321 290322 292367 306545 310484 315378 322906 322907 322908 322909 322910 344400 346045 346046

Node num :29
72729 75389 84439 99769 106951 122008 124529 127910 127913 127914 127995 128040 128041 128042 128043 128044 128045 128046 128047 128048 128049 128052 128054 128056 128059 128063 128064 136437 136439

Node num :29
33149 34263 58419 75711 96017 113922 136288 146270 147627 158421 177589 206842 206843 206844 206845 206846 206847 208720 229624 230589 256648 256649 256650 257613 257892 262113 266972 268351 271181

Node num :29
7427 66206 79708 88563 90431 161335 166413 168970 174111 183939 203035 206769 206770 206771 206772 206773 206774 206775 208625 208626 208627 208628 208629 208630 208631 208632 208633 219047 219048

Node num :29
274217 280299 319953 319954 320018 320019 320020 320021 320023 320024 320025 321797 321798 321799 321800 321801 321802 322460 322461 322462 322463 322464 322465 322466 329772 329773 331113 331114 355368

Node num :29
2571 2962 3673 6433 9812 11123 11255 13451 15365 15737 15760 17501 18741 20696 23574 25347 26613 26626 26970 27264 27777 32707 32708 35239 41815 41825 67140 86463 92634

Node num :30
11786 36740 42442 46098 51230 66404 88276 126312 154084 224716 240172 244271 265144 277388 289024 294716 324090 352540 360753 360755 371875 374242 386715 396384 406281 407992 407993 407994 407995 407996

Node num :30
20925 131520 140881 161465 318504 318505 318655 318658 318661 318666 318870 318871 318872 318873 318874 319122 319123 319124 319125 319126 319127 319128 319129 319292 319293 319294 319296 319297 323793 323794

Node num :30
16694 72108 76552 79280 82143 99707 184011 204514 204515 204517 204520 204522 204780 211091 257356 257357 257368 257369 257370 257371 257372 257373 257374 257375 257376 257377 266058 268460 271528 277683

Node num :30
66898 101950 107248 125859 275083 276046 322269 322270 322271 322272 322274 322276 322277 322278 322279 322280 324544 324545 330094 364525 364526 364527 364528 364529 364530 364531 365148 379171 389684 389685

Node num :30
94832 145921 171557 171558 199304 222094 225557 230860 230861 237726 257309 263408 272397 272398 309177 309178 309179 315218 321633 325591 325593 338125 362641 362642 362643 370799 370800 370801 375088 399157

Node num :30
25670 43377 92582 114575 137772 142571 243335 256664 256807 273592 287674 319822 319823 319824 319825 319826 319827 319828 319829 319830 319832 319833 319834 319835 319836 320839 320840 320841 320842 320843

Node num :31
42660 138752 218803 218804 391714 398726 404308 404309 404310 404311 404312 404313 404314 404315 404316 404317 404318 404319 405461 405462 405463 405464 405465 405466 405467 405468 412061 412062 412063 412064 412065

Node num :31
54232 56290 65720 84411 87687 88989 93483 95008 108201 130303 156355 156591 198976 202071 230268 236390 250426 250734 257699 259597 259598 297968 320932 320933 320934 320935 320936 320937 320938 324065 324066

Node num :31
12271 35213 35736 36447 40579 44782 44783 46276 56444 64715 64988 67739 71267 71322 83076 84775 85141 113535 113833 115985 124137 135307 136180 139822 182559 186318 237109 237142 243032 249331 286932

Node num :31
103845 103846 119693 122382 127819 163003 175008 175011 193244 204752 204753 204754 204755 204756 204757 204758 204759 204760 204761 206714 206715 211091 211092 211093 215053 215055 215056 215057 215058 215059 215060

Node num :32
20956 21839 26574 54931 89043 89375 93747 98817 100741 125237 134155 149006 149007 150063 150706 157351 165022 165992 167629 177688 185667 185668 185669 185670 185671 185672 186210 186211 187192 188862 195117 198907

Node num :32
256418 318654 318655 318657 318658 318659 318660 318661 318662 318663 318664 318665 318666 318733 319198 319244 319246 319247 319248 319250 319251 319252 332591 337282 355671 359320 359321 359322 359323 374500 374501 374502

Node num :32
37471 76817 101914 101915 101916 114201 121228 145385 145386 145387 145388 145389 145390 145391 145392 145393 145394 145395 145396 145397 145398 145399 145400 145401 145402 145403 145404 145405 145406 145407 152218 158464

Node num :33
155638 310201 318536 318566 318567 318568 318569 318570 318571 319056 319057 319058 319059 319060 319061 319062 319063 319064 319065 319066 319067 319068 319069 319170 319171 329097 329098 329099 329100 349073 349074 349075 349076

Node num :33
228868 287432 299040 359531 359532 359533 359534 359535 359536 359537 359538 359539 359540 359541 359542 359543 359544 359545 359546 359547 359548 361292 361293 361294 361295 361296 361297 361298 361299 361300 361301 361302 361303

Node num :33
42931 63961 75389 94597 105221 122009 124529 127669 127670 128040 128044 128049 128050 128051 128053 128055 128057 128058 128060 128061 128062 128063 128065 128066 130536 130537 130538 130539 130540 130541 136437 136439 136440

Node num :33
75711 121930 230589 257613 257636 285677 318730 318731 318732 318733 318734 318735 318736 318737 318738 318739 318740 318741 318742 318743 318744 318745 318746 318747 318748 319326 319327 319328 321079 321080 359433 361943 379732

Node num :34
9876 14007 14093 17247 17628 23001 25841 26011 29040 39632 41755 47324 47989 50339 57050 57688 66013 72191 72412 73745 78773 79175 80770 80912 81006 83312 83453 83603 84775 97517 97519 97520 97521 100378

Node num :36
13124 136897 151617 152401 153413 181006 196787 220039 220040 225533 229452 229453 229454 229455 229456 231994 231995 231996 231997 232756 232757 232758 232760 232761 232763 232765 232766 232767 232768 232769 232771 232772 232773 233871 246606 246607

Node num :36
7691 11123 14717 18797 21047 24046 28432 31074 31519 35481 39363 39744 40215 43763 46034 46124 61615 66338 67677 71507 73729 75084 77324 91910 95534 110659 112848 125678 134360 154161 168916 174083 203738 320905 320906 320907

Node num :39
7427 49816 64097 69172 77854 78467 81455 128706 132204 135290 168187 175051 176634 181513 225051 227186 228178 231487 240220 253894 257685 265427 275336 276373 288505 301098 314592 321631 325341 331022 356060 362433 362434 362435 364477 364478 368768 372200 384490

Node num :40
30207 43755 76105 85022 109015 125859 145921 149528 162165 168005 168007 172273 182983 183285 206634 212122 225557 230759 230761 230762 236316 236386 236387 236388 236389 240607 261466 288130 288294 288297 295633 295635 295636 315218 321417 321633 321634 325593 331038 331188

Node num :40
4972 7538 20179 50180 60819 77972 88317 96658 96784 96785 96786 96787 96788 96789 96790 96791 96792 96793 96794 96795 96796 96797 96798 96799 96800 96801 96802 96803 96804 96805 96806 96807 99619 99620 99621 104691 104692 104693 104694 109919

Node num :43
2488 7344 28215 32952 41537 43784 53062 56493 72133 75361 85941 103979 116360 195654 209954 214953 219452 219857 227877 242903 255491 262520 271908 271909 275900 289806 289807 303482 318399 318400 323353 323354 323355 323356 323357 323358 328299 328300 328301 328302 328303 328304 336906

Node num :44
34074 42596 89987 92793 326844 359180 359181 359182 359183 359184 359328 359329 359330 359331 359332 359333 359334 359450 359451 359452 359453 359801 359802 359803 359804 359805 359806 359807 359808 360076 360077 360078 360079 360080 360081 360082 360083 360084 360085 360086 374560 374743 393845 393846

Node num :44
34263 45634 99125 145932 206096 208720 212767 231527 256418 270521 301788 310618 314476 318279 323701 323702 323703 323793 344544 351271 361798 361799 361800 361801 361802 361803 361804 361805 361806 361847 361848 361849 361850 361851 361852 361853 361854 361855 361856 361857 361858 361859 362443 364863

Node num :44
22203 28720 45852 77110 108170 127808 151464 151743 162997 170843 173275 204569 206769 212232 219754 225421 286055 294061 294062 305902 318696 318697 318698 318699 318700 318701 318702 318703 318704 318705 318706 318707 328086 328087 328970 328971 332584 403493 403494 403495 403496 403497 403531 412222

Node num :48
18285 25313 29736 51518 63460 84521 97287 101816 109015 130348 130860 134547 137888 143086 143511 151124 156801 182017 188149 194892 217579 238983 257945 261254 264566 268236 270037 282859 282860 284646 291955 292522 321615 321616 326939 341019 362437 362438 362439 364439 373101 373102 373103 373104 375422 375423 375424 375425

Node num :49
6760 24838 38812 40267 40834 51922 58419 60090 66539 69524 75429 81477 96017 112649 112650 113659 119366 120220 122686 130772 143123 146401 149958 151418 151669 157220 158636 161860 166279 170843 183564 184373 184374 197432 207114 208268 208270 229637 229638 229639 229640 229641 229642 229643 230952 231805 235546 235547 235548

Node num :56
19238 30679 103756 111435 114914 121553 125859 126999 132410 170035 185260 187069 188128 191565 193895 254338 271264 278828 286471 286472 286473 286474 286475 286476 286477 286478 286479 286480 286481 286482 286483 286484 286793 286794 286795 286796 286797 286798 305563 319208 319209 320948 360346 360347 360348 360349 360350 360351 360352 360353 360354 360355 360356 360357 360358 370499

Node num :63
18522 19560 25290 31883 33594 33700 41067 42086 43556 57242 63374 82163 120310 120312 130279 130280 139965 143835 143836 162073 178120 180082 185318 185319 188542 195395 197724 197934 198198 208321 218087 249500 277736 286364 286365 286366 286367 286368 286369 286370 296856 296857 296858 296859 296860 297145 297146 297147 297148 297149 297150 297151 297152 297153 297154 297155 297156 297157 297158 297159 315542 315543 315779

Node num :102
12300 32534 37572 38868 42671 43377 45479 69054 82316 84657 109825 114575 114816 117657 119707 137772 142571 148255 179483 181479 193978 199804 205395 219725 238123 252413 256807 269413 274748 275945 279245 283362 283981 287674 287845 298337 305251 305407 305408 308275 319357 319822 319824 319826 319828 319829 319831 319832 319836 320839 320841 320842 321670 324478 325271 333294 334605 334607 335560 335561 346257 353858 353943 360069 360070 360071 361633 361634 361635 361636 361637 361638 361639 361640 361641 361642 361643 361644 361645 361646 361647 361648 361649 361650 361651 361652 361653 361654 361655 361656 361657 361658 361659 361660 361661 361662 361663 361664 361665 361666 369091 369092

Node num :145
4496 5209 7236 13076 20503 26497 30815 31470 35376 39420 40108 45686 48525 55885 61506 63227 65957 66095 67024 68242 70089 72210 76323 89460 89910 114253 115457 115586 116246 116555 121117 121742 124395 124411 124535 131740 141841 149143 162943 165355 174700 178333 185173 185919 192103 193651 199059 223457 225902 229756 229989 230620 230621 234780 238302 238793 241405 252697 255210 257012 257013 257014 257015 257016 257017 257018 257019 257020 257021 257022 257023 257024 257025 257533 261762 270049 270050 270051 270519 272551 272552 274213 282970 284923 286303 286304 286305 286306 286307 286308 286309 286310 286311 286312 286313 286314 286315 286316 286317 286318 286319 286320 286321 286322 286323 286324 286325 286326 286327 286328 286339 286340 286341 286342 286343 286344 286345 286346 286347 286348 286349 286350 286351 286352 286353 286354 286355 286356 286357 286358 286359 286360 286397 286509 286510 286511 294935 294936 294937 306215 307088 307089 307090 308943 321181