k = 20, KVCC num = 110
Node num :21
25908 50788 54219 97516 111933 148458 150348 153340 168702 168705 220414 258411 264515 275758 286914 287692 287693 293473 293474 293475 293476

Node num :21
11323 48294 88756 122116 129484 129485 129486 129487 129632 129635 129637 129640 131317 131318 131319 132010 132011 141723 141724 141725 144037

Node num :21
18246 82366 86907 90109 127021 128834 156641 186261 208824 221594 227601 259942 261453 270877 290534 290535 290536 290537 290538 290539 290540

Node num :21
62371 82771 84018 204744 256842 256881 257235 257236 257237 257238 257239 261801 261802 261803 261804 261805 261806 261807 261808 261809 283443

Node num :21
31470 72210 94469 209722 220936 261762 263799 286305 328201 369080 382574 404660 405197 405198 405199 405200 405201 409529 409530 409531 409532

Node num :21
35209 54429 58426 86702 199773 202919 230797 230798 230799 230800 230801 230802 230803 230804 230805 230806 230807 230808 230809 230810 230811

Node num :21
20080 26850 26882 28810 35812 47938 49362 59050 65107 65311 86190 92252 105792 262344 275154 281624 327894 327896 328355 328356 354258

Node num :21
38395 60599 127909 127910 127911 127912 127913 127914 127915 127916 127917 127918 127993 127994 127995 127996 127997 129660 135846 141004 144237

Node num :21
29181 119079 146394 146397 149236 149239 161857 161862 161863 161864 178578 182535 182536 182537 182538 182539 189107 195269 195270 195271 195272

Node num :21
52040 145672 145673 145674 145675 145676 146393 146394 146395 146396 146397 146398 146399 149233 149234 149235 149236 149237 149238 149239 149240

Node num :21
16298 21993 28754 44428 44429 44430 54518 61684 63073 63723 85896 85897 85899 85900 85901 85902 85903 95895 96575 97079 97080

Node num :21
5184 11983 18324 21158 24476 26144 36868 41549 44873 53240 71906 73194 96246 117888 180399 232550 280671 311316 313067 326452 364248

Node num :21
242207 242208 242210 242211 242212 242214 242215 242216 318607 318608 318609 318610 319101 319102 319103 326108 326109 326110 332686 332890 332891

Node num :21
19584 26729 46185 53209 61886 82717 123127 128043 145185 145186 151483 151484 151485 152200 152201 152202 152203 153562 154819 154820 154821

Node num :21
154228 169258 169259 179243 215095 318927 318928 318929 318930 318931 318932 318933 332783 332784 332785 332786 332787 332788 332789 337356 337357

Node num :21
97569 134547 162017 169383 241397 241398 257778 265267 265957 265958 265959 265960 268238 270037 270038 301490 321577 327540 333187 335913 335914

Node num :21
74562 87226 194788 253142 293289 312545 312738 367609 367610 367611 367612 367613 367614 367615 367616 381677 381678 381679 381680 390189 400663

Node num :21
8889 22159 24257 33148 35521 36082 36149 53039 56036 60125 68740 77813 91011 101840 105562 105644 108369 114804 124415 156384 250730

Node num :21
206373 206375 231858 234754 258252 262616 262617 262620 266506 307093 320506 320507 333125 333126 333127 333128 333129 333130 333508 333509 354058

Node num :22
10700 22548 22973 25689 26786 29824 46816 56222 70029 86466 86712 86911 95882 124123 124516 158979 163345 163346 163347 168576 169349 174411

Node num :22
37514 61101 77110 269589 318278 319599 319600 319601 319602 319604 319605 319610 319611 319612 324845 324846 324847 365967 403740 404463 406685 406686

Node num :22
52056 127910 128042 128046 128058 132292 132293 132294 132295 132296 132297 132298 132299 132300 132301 132302 132404 132405 132406 138769 138770 142484

Node num :22
105338 164628 184064 193983 207457 225878 232997 243451 260585 286419 286420 287132 301447 319111 339162 346567 359842 359843 359844 359845 359846 368056

Node num :22
69581 192006 239194 283441 397343 403299 403300 403301 403302 403303 403304 403305 403306 403515 403516 403517 403518 408927 414444 414445 414446 421001

Node num :22
8879 99337 152107 169569 169570 193084 193085 193086 240612 273537 322848 322849 322850 322851 322852 323495 323496 323497 323499 323500 323501 351930

Node num :22
66898 107248 125859 197205 275083 276046 322268 322269 322270 322271 322272 322273 322274 322275 322276 322277 322278 322279 322280 324544 324545 330094

Node num :22
6980 8889 11552 22159 34053 35196 48463 53039 56036 64021 64910 94501 128657 132735 174220 207190 207191 210451 210782 210783 210784 210785

Node num :22
13263 13723 30312 35151 44187 50788 52539 52650 60168 61074 61780 63684 65311 76297 81504 88504 113097 113833 140707 146261 175116 245201

Node num :22
38448 55456 67743 67745 149318 186819 186820 187593 187594 187595 187596 187597 187598 187599 187600 187601 187602 187603 188016 188018 188019 188023

Node num :22
25908 50788 54219 97516 148458 150348 153340 168702 168705 220414 231143 264515 275758 286914 287692 287693 293473 293474 293476 328283 328284 328285

Node num :22
41714 61140 70708 92037 102237 102840 136515 154363 188365 232559 232560 242970 260204 271168 271534 291765 299099 302882 324779 324780 324781 324782

Node num :22
4912 4913 8310 9726 17217 19114 21708 27925 30628 36407 38154 38546 38672 50730 50878 52491 68390 68391 75984 81939 83570 101299

Node num :22
13451 18547 69577 226953 250402 267197 320213 320214 320215 320216 320217 320218 320219 320220 325534 325535 325536 325537 325538 325539 325540 325541

Node num :23
64806 179726 193156 206431 208749 242539 260611 366664 366665 369657 369658 369659 369660 375576 375577 375578 375579 375580 375581 380140 380141 380142 380143

Node num :23
198995 212767 231521 231525 258689 403383 403384 403385 403386 403387 403388 403389 403390 403391 403392 403393 403394 403395 403396 403397 403398 407335 420336

Node num :23
187196 187410 189625 189628 189629 189630 206372 231921 232253 238150 262669 266577 289231 289232 289233 322876 322877 322878 322879 322880 329894 363835 367800

Node num :23
97459 135989 181722 225617 256418 292391 318274 318275 318276 318277 318278 318279 318280 318281 318734 323700 323701 323702 323703 337430 346566 346567 346568

Node num :23
8604 11492 24677 26854 40108 41947 48819 55049 61506 62152 63577 80466 81496 87319 106610 116969 122123 143736 144488 149545 150043 163771 220731

Node num :23
45770 73727 171615 173213 183687 183688 183689 183690 183691 183692 185992 185993 185994 185995 185996 185997 185998 185999 186000 186001 186002 189966 202559

Node num :23
39265 39266 55046 130555 130559 139326 186720 187196 187199 187916 238388 240007 319458 319459 323912 328335 331085 352267 364997 364998 364999 406169 418992

Node num :23
109825 121220 218637 254975 263385 271790 271792 318898 319207 324055 329529 332711 332712 332778 332779 332883 332884 332885 332886 332887 332888 332889 354733

Node num :23
2811 38838 41448 57139 61977 75913 88307 112660 115850 132408 164225 167878 187052 188115 206314 232511 236328 260040 265247 321968 321970 321971 331061

Node num :23
76379 209797 231431 403832 403833 403834 403835 403836 403837 403838 403839 403840 405170 405630 409117 410773 410774 410775 410776 410777 410778 410779 410780

Node num :24
8662 11711 26573 30803 39437 101019 107817 142895 229513 258790 279943 359493 359494 359495 359496 359497 367358 367359 367360 367361 367362 367363 393738 393739

Node num :24
31470 40108 76323 89910 116246 131740 141841 162943 174700 238302 252697 257533 273591 286307 286312 286322 286327 286348 307090 321181 321182 335920 335921 335922

Node num :24
7742 30751 31057 36309 39492 43403 55751 56993 64869 67487 78342 79957 84026 100359 165245 359559 359560 359561 367308 367309 370250 370251 370995 399414

Node num :24
8847 73068 73191 103620 121264 165360 201181 217735 292691 292692 292693 292694 292695 292696 292697 292698 292700 292701 292702 292703 292704 292705 292706 292707

Node num :24
2757 4799 7742 8072 9185 10601 10741 11034 11738 13226 14722 18779 19199 20581 21330 24196 26054 27009 27227 33789 41449 55336 100093 100097

Node num :24
9701 13999 29422 31131 37724 40358 65899 70385 87400 88584 112879 119524 132766 148355 166988 173168 184499 280959 325111 363760 363761 363762 364054 365071

Node num :24
33035 57024 98451 108518 147198 149877 155961 278703 332531 360372 360373 360374 360375 360376 360377 368752 368753 368754 368755 368756 368757 368758 373157 373158

Node num :25
38213 165546 205199 231735 291491 291492 291493 291494 291495 291496 291497 291498 291499 291500 291501 291502 291503 291504 291505 291506 291507 291508 293546 293547 293548

Node num :25
76758 94458 96107 217381 243008 247403 251307 307924 313152 367687 367688 367689 388313 396548 396549 404573 404574 407479 407480 407481 409723 409724 409725 409726 409727

Node num :25
37514 61101 77110 81928 255130 269589 318278 319599 319600 319601 319602 319603 319604 319605 319606 319607 319608 319609 319610 319611 319612 324845 324846 324847 365967

Node num :25
13593 34636 42217 46963 47936 52650 54401 63992 67138 71216 74350 85178 89732 123310 128364 136962 141460 146168 149060 164945 183031 191132 213045 213105 229738

Node num :25
3813 16242 16549 26604 28856 35335 38719 38766 47446 66443 92600 94226 102970 135253 136233 141442 151853 163271 179653 218993 250876 286226 286227 290016 291225

Node num :25
52040 69736 145672 145673 145674 145675 146394 146396 146398 149234 149235 149236 149238 149240 161854 161855 161856 161857 161862 161863 161864 161865 161866 161867 178578

Node num :25
10516 11457 17393 34877 44729 48047 49246 50458 55155 63241 111307 153885 164465 185262 231983 289748 294284 302242 318972 359819 364570 366743 366744 366745 366746

Node num :26
36104 40421 42256 46898 61074 61179 62591 71728 72519 89852 94779 103633 133933 139514 156702 162894 170335 180399 183857 189517 189519 197579 246611 316821 363648 363650

Node num :26
33689 195177 210072 286584 286585 286586 286587 286588 291718 291719 291720 291721 291722 291723 291724 291725 291726 291727 291728 296899 296900 296901 296902 296951 296952 310999

Node num :26
4769 6772 16986 18324 21055 31519 34355 79279 97752 167700 184038 187361 211757 227233 278141 298902 315769 321750 321754 323390 333471 333472 333473 360938 362583 404914

Node num :26
3420 7280 7630 17505 19831 21250 21634 23566 26613 27627 30141 32876 36485 49190 65241 76297 77813 81856 83315 88795 90027 100861 108168 108606 113288 128134

Node num :26
1442 19114 28290 29515 30925 34877 35249 36799 37174 38700 38868 39726 41990 42857 44544 44646 45479 46911 57571 64673 68391 88766 97422 97423 97424 103632

Node num :26
1045 77110 97459 101241 173275 207188 225421 256418 288024 294062 318275 318696 324845 328087 328970 349059 364766 405598 405599 405600 405601 405602 405603 405604 405605 405606

Node num :27
70046 88014 108199 149082 186584 264741 267078 268853 285122 287629 287630 287631 287633 287635 287636 287637 311768 361523 361524 361525 361526 361527 361528 361529 361530 361531 361532

Node num :27
29124 32699 39221 40268 43189 43314 47080 52383 62833 72868 75161 81559 81863 84047 85428 89785 94490 109382 115945 123867 144054 155171 155172 155261 155837 159091 159092

Node num :27
30131 31119 31254 182199 182200 182201 182202 182203 182204 182205 182206 182207 182208 182209 182210 182211 182212 182213 187138 187139 187140 187141 187142 187143 187144 187145 198815

Node num :28
78459 93489 93490 97569 100087 102077 124883 127815 128471 128865 134165 134547 146229 146230 146231 146232 161495 162018 182760 182761 182762 183544 183545 183546 183547 190893 190894 206269

Node num :28
46988 109015 122485 202540 229668 235977 236500 295635 314960 322249 322250 322251 322252 322253 322254 322255 322256 322257 322258 322259 327126 327127 327128 327129 327130 327131 350578 355056

Node num :28
28392 174432 208157 222623 227293 227294 227295 260627 261121 265123 269104 290318 290319 290320 290321 290322 292367 306545 310484 315378 322906 322907 322908 322909 322910 344400 346045 346046

Node num :28
6925 31014 41500 58731 61886 89380 99462 100585 100586 100587 100588 111451 111452 111453 111454 111455 111456 111457 111458 111459 115175 115176 115177 115178 121241 121242 121243 121244

Node num :28
34838 34839 44415 49445 51916 70926 105295 109225 181968 181969 181970 181971 181972 204410 204411 204412 204437 204601 204602 204603 204604 204605 204606 204607 204608 204610 204611 229051

Node num :29
72729 75389 84439 99769 106951 122008 124529 127910 127913 127914 127995 128040 128041 128042 128043 128044 128045 128046 128047 128048 128049 128052 128054 128056 128059 128063 128064 136437 136439

Node num :29
274217 280299 319953 319954 320018 320019 320020 320021 320023 320024 320025 321797 321798 321799 321800 321801 321802 322460 322461 322462 322463 322464 322465 322466 329772 329773 331113 331114 355368

Node num :29
7427 66206 79708 88563 90431 161335 166413 168970 174111 183939 203035 206769 206770 206771 206772 206773 206774 206775 208625 208626 208627 208628 208629 208630 208631 208632 208633 219047 219048

Node num :29
2571 2962 3673 6433 9812 11123 11255 13451 15365 15737 15760 17501 18741 20696 23574 25347 26613 26626 26970 27264 27777 32707 32708 35239 41815 41825 67140 86463 92634

Node num :29
33149 34263 58419 75711 96017 113922 136288 146270 147627 158421 177589 206842 206843 206844 206845 206846 206847 208720 229624 230589 256648 256649 256650 257613 257892 262113 266972 268351 271181

Node num :30
20925 131520 140881 161465 318504 318505 318655 318658 318661 318666 318870 318871 318872 318873 318874 319122 319123 319124 319125 319126 319127 319128 319129 319292 319293 319294 319296 319297 323793 323794

Node num :30
66898 101950 107248 125859 275083 276046 322269 322270 322271 322272 322274 322276 322277 322278 322279 322280 324544 324545 330094 364525 364526 364527 364528 364529 364530 364531 365148 379171 389684 389685

Node num :30
16694 72108 76552 79280 82143 99707 184011 204514 204515 204517 204520 204522 204780 211091 257356 257357 257368 257369 257370 257371 257372 257373 257374 257375 257376 257377 266058 268460 271528 277683

Node num :30
11786 36740 42442 46098 51230 66404 88276 126312 154084 224716 240172 244271 265144 277388 289024 294716 324090 352540 360753 360755 371875 374242 386715 396384 406281 407992 407993 407994 407995 407996

Node num :30
79910 111578 189815 260803 305547 318751 318752 318753 318754 318799 319162 319163 319164 319165 319166 319167 319168 319169 319284 319285 319303 319304 344002 346240 355787 355795 358022 359915 359916 381308

Node num :30
94832 145921 171557 171558 199304 222094 225557 230860 230861 237726 257309 263408 272397 272398 309177 309178 309179 315218 321633 325591 325593 338125 362641 362642 362643 370799 370800 370801 375088 399157

Node num :31
9928 94995 285874 285875 286182 286183 286184 286185 286186 286187 286188 286452 286453 286454 286455 286456 286457 286458 286459 286460 286461 286462 286463 297099 297100 303614 303615 318439 318440 329045 332696

Node num :31
12271 35213 35736 36447 40579 44782 44783 46276 56444 64715 64988 67739 71267 71322 83076 84775 85141 113535 113833 115985 124137 135307 136180 139822 182559 186318 237109 237142 243032 249331 286932

Node num :31
54232 56290 65720 84411 87687 88989 93483 95008 108201 130303 156355 156591 198976 202071 230268 236390 250426 250734 257699 259597 259598 297968 320932 320933 320934 320935 320936 320937 320938 324065 324066

Node num :31
42660 138752 218803 218804 391714 398726 404308 404309 404310 404311 404312 404313 404314 404315 404316 404317 404318 404319 405461 405462 405463 405464 405465 405466 405467 405468 412061 412062 412063 412064 412065

Node num :31
103845 103846 119693 122382 127819 163003 175008 175011 193244 204752 204753 204754 204755 204756 204757 204758 204759 204760 204761 206714 206715 211091 211092 211093 215053 215055 215056 215057 215058 215059 215060

Node num :32
37471 76817 101914 101915 101916 114201 121228 145385 145386 145387 145388 145389 145390 145391 145392 145393 145394 145395 145396 145397 145398 145399 145400 145401 145402 145403 145404 145405 145406 145407 152218 158464

Node num :32
20956 21839 26574 54931 89043 89375 93747 98817 100741 125237 134155 149006 149007 150063 150706 157351 165022 165992 167629 177688 185667 185668 185669 185670 185671 185672 186210 186211 187192 188862 195117 198907

Node num :33
228868 287432 299040 359531 359532 359533 359534 359535 359536 359537 359538 359539 359540 359541 359542 359543 359544 359545 359546 359547 359548 361292 361293 361294 361295 361296 361297 361298 361299 361300 361301 361302 361303

Node num :33
42931 63961 75389 94597 105221 122009 124529 127669 127670 128040 128044 128049 128050 128051 128053 128055 128057 128058 128060 128061 128062 128063 128065 128066 130536 130537 130538 130539 130540 130541 136437 136439 136440

Node num :33
155638 310201 318536 318566 318567 318568 318569 318570 318571 319056 319057 319058 319059 319060 319061 319062 319063 319064 319065 319066 319067 319068 319069 319170 319171 329097 329098 329099 329100 349073 349074 349075 349076

Node num :33
75711 121930 230589 257613 257636 285677 318730 318731 318732 318733 318734 318735 318736 318737 318738 318739 318740 318741 318742 318743 318744 318745 318746 318747 318748 319326 319327 319328 321079 321080 359433 361943 379732

Node num :34
9876 14007 14093 17247 17628 23001 25841 26011 29040 39632 41755 47324 47989 50339 57050 57688 66013 72191 72412 73745 78773 79175 80770 80912 81006 83312 83453 83603 84775 97517 97519 97520 97521 100378

Node num :35
256418 318654 318655 318656 318657 318658 318659 318660 318661 318662 318663 318664 318665 318666 318733 319198 319244 319245 319246 319247 319248 319249 319250 319251 319252 332591 337282 355671 359320 359321 359322 359323 374500 374501 374502

Node num :36
7691 11123 14717 18797 21047 24046 28432 31074 31519 35481 39363 39744 40215 43763 46034 46124 61615 66338 67677 71507 73729 75084 77324 91910 95534 110659 112848 125678 134360 154161 168916 174083 203738 320905 320906 320907

Node num :36
13124 136897 151617 152401 153413 181006 196787 220039 220040 225533 229452 229453 229454 229455 229456 231994 231995 231996 231997 232756 232757 232758 232760 232761 232763 232765 232766 232767 232768 232769 232771 232772 232773 233871 246606 246607

Node num :39
7427 49816 64097 69172 77854 78467 81455 128706 132204 135290 168187 175051 176634 181513 225051 227186 228178 231487 240220 253894 257685 265427 275336 276373 288505 301098 314592 321631 325341 331022 356060 362433 362434 362435 364477 364478 368768 372200 384490

Node num :40
4972 7538 20179 50180 60819 77972 88317 96658 96784 96785 96786 96787 96788 96789 96790 96791 96792 96793 96794 96795 96796 96797 96798 96799 96800 96801 96802 96803 96804 96805 96806 96807 99619 99620 99621 104691 104692 104693 104694 109919

Node num :43
2488 7344 28215 32952 41537 43784 53062 56493 72133 75361 85941 103979 116360 195654 209954 214953 219452 219857 227877 242903 255491 262520 271908 271909 275900 289806 289807 303482 318399 318400 323353 323354 323355 323356 323357 323358 328299 328300 328301 328302 328303 328304 336906

Node num :44
22203 28720 45852 77110 108170 127808 151464 151743 162997 170843 173275 204569 206769 212232 219754 225421 286055 294061 294062 305902 318696 318697 318698 318699 318700 318701 318702 318703 318704 318705 318706 318707 328086 328087 328970 328971 332584 403493 403494 403495 403496 403497 403531 412222

Node num :44
34074 42596 89987 92793 326844 359180 359181 359182 359183 359184 359328 359329 359330 359331 359332 359333 359334 359450 359451 359452 359453 359801 359802 359803 359804 359805 359806 359807 359808 360076 360077 360078 360079 360080 360081 360082 360083 360084 360085 360086 374560 374743 393845 393846

Node num :44
34263 45634 99125 145932 206096 208720 212767 231527 256418 270521 301788 310618 314476 318279 323701 323702 323703 323793 344544 351271 361798 361799 361800 361801 361802 361803 361804 361805 361806 361847 361848 361849 361850 361851 361852 361853 361854 361855 361856 361857 361858 361859 362443 364863

Node num :48
30207 43755 58807 76105 80949 85022 109015 113991 125859 145921 149528 162165 168005 168007 170035 172273 182983 183285 206634 212122 225557 229269 230759 230760 230761 230762 233712 236316 236386 236387 236388 236389 236390 240607 261466 288130 288294 288297 295633 295635 295636 315218 321417 321633 321634 325593 331038 331188

Node num :48
18285 25313 29736 51518 63460 84521 97287 101816 109015 130348 130860 134547 137888 143086 143511 151124 156801 182017 188149 194892 217579 238983 257945 261254 264566 268236 270037 282859 282860 284646 291955 292522 321615 321616 326939 341019 362437 362438 362439 364439 373101 373102 373103 373104 375422 375423 375424 375425

Node num :49
6760 24838 38812 40267 40834 51922 58419 60090 66539 69524 75429 81477 96017 112649 112650 113659 119366 120220 122686 130772 143123 146401 149958 151418 151669 157220 158636 161860 166279 170843 183564 184373 184374 197432 207114 208268 208270 229637 229638 229639 229640 229641 229642 229643 230952 231805 235546 235547 235548

Node num :56
19238 30679 103756 111435 114914 121553 125859 126999 132410 170035 185260 187069 188128 191565 193895 254338 271264 278828 286471 286472 286473 286474 286475 286476 286477 286478 286479 286480 286481 286482 286483 286484 286793 286794 286795 286796 286797 286798 305563 319208 319209 320948 360346 360347 360348 360349 360350 360351 360352 360353 360354 360355 360356 360357 360358 370499

Node num :63
18522 19560 25290 31883 33594 33700 41067 42086 43556 57242 63374 82163 120310 120312 130279 130280 139965 143835 143836 162073 178120 180082 185318 185319 188542 195395 197724 197934 198198 208321 218087 249500 277736 286364 286365 286366 286367 286368 286369 286370 296856 296857 296858 296859 296860 297145 297146 297147 297148 297149 297150 297151 297152 297153 297154 297155 297156 297157 297158 297159 315542 315543 315779

Node num :116
12300 25670 32534 37572 38868 42671 43377 45479 69054 82316 84657 92582 109825 114575 114816 117657 119707 137772 142571 148255 179483 181479 193978 199804 205395 219725 238123 243335 252413 256664 256807 269413 273592 274748 275945 279245 283362 283981 287674 287845 298337 305251 305407 305408 308275 319357 319822 319823 319824 319825 319826 319827 319828 319829 319830 319831 319832 319833 319834 319835 319836 320839 320840 320841 320842 320843 321670 324478 325271 333294 334605 334607 335560 335561 346257 353858 353943 360069 360070 360071 361633 361634 361635 361636 361637 361638 361639 361640 361641 361642 361643 361644 361645 361646 361647 361648 361649 361650 361651 361652 361653 361654 361655 361656 361657 361658 361659 361660 361661 361662 361663 361664 361665 361666 369091 369092

Node num :155
4496 5209 7236 13076 20503 26497 30815 31470 35376 39420 40108 45686 48525 55885 61506 63227 65957 66095 67024 68242 70089 72210 76323 89460 89910 114253 115457 115586 116246 116555 121117 121742 124395 124411 124535 131740 141841 142076 149143 162943 165355 174700 178333 185173 185919 192103 193651 199059 223457 225902 229756 229989 230620 230621 234780 238302 238793 241405 243564 252697 255210 257012 257013 257014 257015 257016 257017 257018 257019 257020 257021 257022 257023 257024 257025 257533 261762 270049 270050 270051 270519 272551 272552 274213 282970 284923 286303 286304 286305 286306 286307 286308 286309 286310 286311 286312 286313 286314 286315 286316 286317 286318 286319 286320 286321 286322 286323 286324 286325 286326 286327 286328 286339 286340 286341 286342 286343 286344 286345 286346 286347 286348 286349 286350 286351 286352 286353 286354 286355 286356 286357 286358 286359 286360 286397 286509 286510 286511 294935 294936 294937 306215 307088 307089 307090 308943 321181 328201 355563 369080 404632 404660 416144 419693 419694