k = 30, KVCC num = 27
Node num :31
75711 121930 230589 257613 257636 285677 318730 318731 318732 318733 318734 318735 318736 318737 318738 318739 318740 318742 318743 318744 318745 318747 318748 319326 319327 319328 321079 321080 359433 361943 379732

Node num :31
42660 138752 218803 218804 391714 398726 404308 404309 404310 404311 404312 404313 404314 404315 404316 404317 404318 404319 405461 405462 405463 405464 405465 405466 405467 405468 412061 412062 412063 412064 412065

Node num :31
12271 35213 35736 36447 40579 44782 44783 46276 56444 64715 64988 67739 71267 71322 83076 84775 85141 113535 113833 115985 124137 135307 136180 139822 182559 186318 237109 237142 243032 249331 286932

Node num :31
54232 56290 65720 84411 87687 88989 93483 95008 108201 130303 156355 156591 198976 202071 230268 236390 250426 250734 257699 259597 259598 297968 320932 320933 320934 320935 320936 320937 320938 324065 324066

Node num :31
103845 103846 119693 122382 127819 163003 175008 175011 193244 204752 204753 204754 204755 204756 204757 204758 204759 204760 204761 206714 206715 211091 211092 211093 215053 215055 215056 215057 215058 215059 215060

Node num :32
256418 318654 318655 318657 318658 318659 318660 318661 318662 318663 318664 318665 318666 318733 319198 319244 319246 319247 319248 319250 319251 319252 332591 337282 355671 359320 359321 359322 359323 374500 374501 374502

Node num :32
37471 76817 101914 101915 101916 114201 121228 145385 145386 145387 145388 145389 145390 145391 145392 145393 145394 145395 145396 145397 145398 145399 145400 145401 145402 145403 145404 145405 145406 145407 152218 158464

Node num :32
20956 21839 26574 54931 89043 89375 93747 98817 100741 125237 134155 149006 149007 150063 150706 157351 165022 165992 167629 177688 185667 185668 185669 185670 185671 185672 186210 186211 187192 188862 195117 198907

Node num :33
228868 287432 299040 359531 359532 359533 359534 359535 359536 359537 359538 359539 359540 359541 359542 359543 359544 359545 359546 359547 359548 361292 361293 361294 361295 361296 361297 361298 361299 361300 361301 361302 361303

Node num :33
155638 310201 318536 318566 318567 318568 318569 318570 318571 319056 319057 319058 319059 319060 319061 319062 319063 319064 319065 319066 319067 319068 319069 319170 319171 329097 329098 329099 329100 349073 349074 349075 349076

Node num :33
42931 63961 75389 94597 105221 122009 124529 127669 127670 128040 128044 128049 128050 128051 128053 128055 128057 128058 128060 128061 128062 128063 128065 128066 130536 130537 130538 130539 130540 130541 136437 136439 136440

Node num :34
9876 14007 14093 17247 17628 23001 25841 26011 29040 39632 41755 47324 47989 50339 57050 57688 66013 72191 72412 73745 78773 79175 80770 80912 81006 83312 83453 83603 84775 97517 97519 97520 97521 100378

Node num :36
13124 136897 151617 152401 153413 181006 196787 220039 220040 225533 229452 229453 229454 229455 229456 231994 231995 231996 231997 232756 232757 232758 232760 232761 232763 232765 232766 232767 232768 232769 232771 232772 232773 233871 246606 246607

Node num :36
7691 11123 14717 18797 21047 24046 28432 31074 31519 35481 39363 39744 40215 43763 46034 46124 61615 66338 67677 71507 73729 75084 77324 91910 95534 110659 112848 125678 134360 154161 168916 174083 203738 320905 320906 320907

Node num :39
7427 49816 64097 69172 77854 78467 81455 128706 132204 135290 168187 175051 176634 181513 225051 227186 228178 231487 240220 253894 257685 265427 275336 276373 288505 301098 314592 321631 325341 331022 356060 362433 362434 362435 364477 364478 368768 372200 384490

Node num :40
30207 43755 76105 85022 109015 125859 145921 149528 162165 168005 168007 172273 182983 183285 206634 212122 225557 230759 230761 230762 236316 236386 236387 236388 236389 240607 261466 288130 288294 288297 295633 295635 295636 315218 321417 321633 321634 325593 331038 331188

Node num :40
4972 7538 20179 50180 60819 77972 88317 96658 96784 96785 96786 96787 96788 96789 96790 96791 96792 96793 96794 96795 96796 96797 96798 96799 96800 96801 96802 96803 96804 96805 96806 96807 99619 99620 99621 104691 104692 104693 104694 109919

Node num :43
2488 7344 28215 32952 41537 43784 53062 56493 72133 75361 85941 103979 116360 195654 209954 214953 219452 219857 227877 242903 255491 262520 271908 271909 275900 289806 289807 303482 318399 318400 323353 323354 323355 323356 323357 323358 328299 328300 328301 328302 328303 328304 336906

Node num :44
34074 42596 89987 92793 326844 359180 359181 359182 359183 359184 359328 359329 359330 359331 359332 359333 359334 359450 359451 359452 359453 359801 359802 359803 359804 359805 359806 359807 359808 360076 360077 360078 360079 360080 360081 360082 360083 360084 360085 360086 374560 374743 393845 393846

Node num :44
22203 28720 45852 77110 108170 127808 151464 151743 162997 170843 173275 204569 206769 212232 219754 225421 286055 294061 294062 305902 318696 318697 318698 318699 318700 318701 318702 318703 318704 318705 318706 318707 328086 328087 328970 328971 332584 403493 403494 403495 403496 403497 403531 412222

Node num :44
34263 45634 99125 145932 206096 208720 212767 231527 256418 270521 301788 310618 314476 318279 323701 323702 323703 323793 344544 351271 361798 361799 361800 361801 361802 361803 361804 361805 361806 361847 361848 361849 361850 361851 361852 361853 361854 361855 361856 361857 361858 361859 362443 364863

Node num :48
18285 25313 29736 51518 63460 84521 97287 101816 109015 130348 130860 134547 137888 143086 143511 151124 156801 182017 188149 194892 217579 238983 257945 261254 264566 268236 270037 282859 282860 284646 291955 292522 321615 321616 326939 341019 362437 362438 362439 364439 373101 373102 373103 373104 375422 375423 375424 375425

Node num :49
6760 24838 38812 40267 40834 51922 58419 60090 66539 69524 75429 81477 96017 112649 112650 113659 119366 120220 122686 130772 143123 146401 149958 151418 151669 157220 158636 161860 166279 170843 183564 184373 184374 197432 207114 208268 208270 229637 229638 229639 229640 229641 229642 229643 230952 231805 235546 235547 235548

Node num :56
19238 30679 103756 111435 114914 121553 125859 126999 132410 170035 185260 187069 188128 191565 193895 254338 271264 278828 286471 286472 286473 286474 286475 286476 286477 286478 286479 286480 286481 286482 286483 286484 286793 286794 286795 286796 286797 286798 305563 319208 319209 320948 360346 360347 360348 360349 360350 360351 360352 360353 360354 360355 360356 360357 360358 370499

Node num :63
18522 19560 25290 31883 33594 33700 41067 42086 43556 57242 63374 82163 120310 120312 130279 130280 139965 143835 143836 162073 178120 180082 185318 185319 188542 195395 197724 197934 198198 208321 218087 249500 277736 286364 286365 286366 286367 286368 286369 286370 296856 296857 296858 296859 296860 297145 297146 297147 297148 297149 297150 297151 297152 297153 297154 297155 297156 297157 297158 297159 315542 315543 315779

Node num :102
12300 32534 37572 38868 42671 43377 45479 69054 82316 84657 109825 114575 114816 117657 119707 137772 142571 148255 179483 181479 193978 199804 205395 219725 238123 252413 256807 269413 274748 275945 279245 283362 283981 287674 287845 298337 305251 305407 305408 308275 319357 319822 319824 319826 319828 319829 319831 319832 319836 320839 320841 320842 321670 324478 325271 333294 334605 334607 335560 335561 346257 353858 353943 360069 360070 360071 361633 361634 361635 361636 361637 361638 361639 361640 361641 361642 361643 361644 361645 361646 361647 361648 361649 361650 361651 361652 361653 361654 361655 361656 361657 361658 361659 361660 361661 361662 361663 361664 361665 361666 369091 369092

Node num :144
4496 5209 7236 13076 20503 26497 30815 31470 35376 39420 40108 45686 48525 55885 61506 63227 65957 66095 67024 68242 70089 72210 76323 89460 89910 114253 115457 115586 116246 116555 121117 121742 124395 124411 124535 131740 141841 149143 162943 165355 174700 178333 185173 185919 192103 193651 199059 223457 225902 229756 229989 230620 230621 234780 238302 238793 241405 252697 255210 257012 257013 257014 257015 257016 257017 257018 257019 257020 257021 257022 257023 257024 257025 257533 261762 270049 270050 270051 270519 272551 272552 274213 282970 284923 286303 286304 286305 286306 286307 286308 286309 286310 286311 286312 286313 286314 286315 286316 286317 286318 286319 286320 286321 286322 286323 286324 286325 286326 286327 286328 286339 286340 286341 286342 286343 286344 286345 286346 286347 286348 286349 286350 286351 286352 286353 286354 286355 286356 286357 286358 286359 286360 286397 286509 286510 286511 294935 294936 294937 306215 307088 307089 307090 308943