k = 25, KVCC num = 33
Node num :26
7229 7314 34313 52312 52539 76545 86206 89982 112974 128553 255319 322483 417623 417847 434775 442819 479012 493005 496561 561780 730867 738120 748405 754855 855368 872712

Node num :27
38854 162452 167400 172724 180651 188323 208126 218308 235708 245805 263381 264031 298601 426472 434422 446063 454184 504827 513563 613225 786222 791211 837546 847012 847878 857894 886702

Node num :27
37904 56674 72944 84654 113198 143300 157824 216745 257005 268555 273081 376720 393467 401099 417738 440961 445153 518588 610980 641096 695683 733700 780453 782538 841589 878586 886029

Node num :27
47988 50925 62678 77601 118848 170971 182228 185821 186726 199165 228500 233374 241239 309990 406924 478666 480048 501710 502630 516585 656231 764346 805818 874770 875981 889170 913924

Node num :28
25530 27050 48429 52340 76969 88322 150885 185067 221480 233079 269505 275732 299617 490709 492020 518067 563116 598870 733305 737459 745558 765143 777489 804537 817165 817632 877728 885692

Node num :29
36167 52434 74290 134823 139846 146001 182865 218474 263439 301479 323404 345959 354640 365260 391971 392264 460645 537411 584241 586800 589541 621013 643850 645315 694578 713450 729270 767773 810974

Node num :29
29974 32785 38334 51365 68676 75537 107978 176943 200021 205673 226891 244240 254458 262817 297430 355904 373449 383390 414027 414861 437951 582565 639223 724297 746749 846059 874695 884970 916187

Node num :29
52434 74290 134823 146001 182865 214926 218474 242980 263439 345959 354640 354984 365260 391971 392264 502857 537411 584241 586800 589541 621013 621414 645315 694578 713450 729270 787426 809363 810974

Node num :31
2413 29248 47988 50925 57119 62678 76575 77601 118848 160639 170971 185821 186726 199165 228500 233374 285065 293904 309990 360262 406924 480048 501710 517228 609461 764346 805818 853435 889170 912556 913924

Node num :31
47988 50925 62678 77601 118848 170971 185821 186726 199165 228500 233374 235867 268989 309990 360747 406924 414472 461384 463202 480048 495008 501710 599618 620807 645642 764346 772517 791355 805818 889170 913924

Node num :31
14459 18433 44876 63346 88835 91239 137118 140706 148361 158912 191225 227459 235267 243923 255684 266504 283586 469060 543191 587515 588296 627521 641502 645003 649840 655712 670737 708452 709570 713421 890039

Node num :31
52434 74290 132246 133185 134823 146001 182865 194780 218474 233116 263439 345959 354640 365260 391971 392264 473374 524225 537411 584241 586800 589541 621013 645315 688166 691267 694578 713450 729270 767056 810974

Node num :32
42038 47690 47988 50925 58579 62678 77601 113379 118848 170971 185821 186726 199165 226161 228500 233374 250149 271192 309990 406924 449846 468323 480048 501710 523686 753646 764346 805818 844310 845489 889170 913924

Node num :33
14518 45016 52416 58600 81228 86134 94371 192245 221477 295766 328348 360914 420090 420411 462250 511574 521201 525100 526924 545050 547050 572489 586286 600639 627259 695387 728077 797306 800072 849898 870856 884369 889530

Node num :33
47988 50925 62678 77601 118848 170971 185821 186726 199165 213550 228500 233374 242798 257114 284388 289142 289573 309990 317522 406924 441049 480048 501710 605745 622000 677644 741701 764346 805818 817339 855611 889170 913924

Node num :34
3268 47995 64096 112147 156401 173976 223013 317409 323256 326797 370208 393010 427934 459803 464120 520911 529551 553727 584010 589857 591263 624867 639345 669075 724307 741880 753934 756058 787086 834756 836461 843376 879532 888853

Node num :34
52434 74290 87511 95892 134823 146001 182865 218474 251812 263439 345959 354640 365260 391971 392264 405547 427525 518383 537411 545663 584241 586800 589541 621013 645315 694578 713450 724463 729270 781907 798109 810974 869106 879063

Node num :35
52434 62446 74290 134823 146001 182865 197739 214483 218474 263439 283662 345959 354640 365260 391971 392264 421070 461538 537411 542304 557010 571085 584241 586800 589541 621013 639884 645315 694578 698787 713450 729270 777322 810974 822760

Node num :35
4893 16868 18306 113732 132917 168157 169560 180522 226671 272351 299410 311533 342384 360044 361127 373794 380012 384053 411986 414604 566890 585034 597520 600085 640688 701866 712613 717085 726434 777886 800441 824235 828047 860198 911170

Node num :39
32163 97635 163947 165517 168045 203508 295362 296114 298722 311999 377342 390670 399298 424799 429781 446650 447705 498761 506707 533030 540979 558906 591477 690079 713737 717991 731635 741991 748929 763279 772047 776440 792362 829435 841575 851980 868894 913605 914377

Node num :43
4764 24982 36217 79769 134200 141146 152480 162117 226283 232442 273919 287432 299177 302632 333245 336691 363711 406713 471255 484697 511209 529420 540784 612074 614155 618008 621692 653086 675364 721626 721943 745124 750818 768894 769088 799668 825061 845700 846538 854708 855918 859856 887187

Node num :43
43609 48290 139494 149170 158783 178036 188463 221141 268447 274265 382152 386244 406496 420374 434453 440204 446317 463479 469455 522919 541383 575035 579957 580382 593650 595870 599818 605856 631384 633168 667649 682847 698124 735564 752579 760828 772680 783099 790577 792929 835460 874422 908862

Node num :45
54243 54448 58130 74630 123092 133054 134820 154603 156944 191675 227874 256445 321097 324294 325666 336566 369989 371946 417194 419523 441508 442920 459074 468615 491406 505552 562185 607624 608380 611313 619269 646074 648644 699318 706794 721115 721599 728478 732203 732424 767997 830625 837285 880776 904602

Node num :47
13187 34405 58440 63198 65825 76969 96719 141130 146792 147822 150967 176491 185067 225286 241583 243193 271577 300360 372812 432914 472096 478117 503392 516028 517213 523051 529319 541305 548868 570794 572886 573303 594923 595346 603105 633703 660365 676236 696143 725109 730416 749639 771875 793265 809138 831840 859628

Node num :47
52434 74290 76945 84420 88726 94551 99047 134823 138502 146001 182865 210042 212533 214184 218474 238571 263004 263120 263439 275393 320490 330552 345959 347110 354640 365260 391971 392264 401208 435046 437995 474563 495160 537411 584241 586800 589541 609112 621013 645315 694578 713450 729270 804712 810974 826234 859581

Node num :47
7314 23060 66289 68123 117841 134064 151916 162503 214638 230546 241450 259780 260655 263203 288471 300106 305976 334489 363894 406478 414754 445216 451876 478538 505859 519170 555237 587545 598339 606065 649920 660030 676942 737563 752753 806319 816853 841678 843349 850108 859406 862175 877228 882540 890982 891534 911216

Node num :51
5981 64936 69224 71636 105667 115035 116753 138123 161415 163282 163968 166781 175536 210736 273449 281391 283349 283447 295407 297615 299133 306299 367430 376428 390368 412508 413813 434134 444134 457466 480324 485025 494085 500082 501720 521566 540550 547767 565658 566851 582633 596388 634635 643551 671881 708352 745431 769417 806378 890224 901034

Node num :55
21260 23749 28020 32719 40569 52834 75564 76012 100246 106285 118404 142514 184657 201962 225065 237588 262443 271422 280368 305557 323945 329851 343435 344336 345108 350788 402154 407066 424583 454002 473353 474997 489615 515343 519206 535531 555372 581607 595324 596995 598958 641098 660380 695688 700105 707458 733380 771027 801164 812842 833790 854504 872153 888731 906534

Node num :55
12079 13809 22128 25410 31076 32921 34013 35459 56251 68699 85901 178689 220821 226173 241793 267211 275377 354169 429923 432902 461659 491977 513706 517389 524209 530846 532632 535941 554948 557638 572665 586254 589763 592993 595329 601572 610361 702066 705712 710983 719190 721816 733696 764658 792699 813585 822915 823678 833804 839717 848617 861911 869115 872022 882454

Node num :60
2593 17403 30444 33438 48288 91907 94766 103317 107986 133174 141260 162853 175113 241990 242560 247077 258837 275792 296449 300136 304653 317695 318631 339771 368209 397327 411732 422620 425193 425891 445454 461876 464242 469779 473683 482056 482679 493228 533704 551466 565750 574244 584678 602356 603108 607969 642988 646371 648184 732717 734891 735439 737791 756173 767455 806346 829531 865189 893888 908676

Node num :66
7314 9488 88935 101972 143493 160798 175424 176542 178015 178601 212693 214638 238399 261055 266372 286340 289389 291854 310081 334473 336341 357449 382333 407891 439023 439576 442896 455861 505859 512777 519267 529632 537386 547523 569935 573277 587790 606065 624832 638333 642168 654806 670815 677876 721882 773743 779250 785812 791213 802682 803671 819293 820944 835305 836946 837145 842364 844773 845073 850561 853507 868329 870651 878646 888208 896891

Node num :110
583 1595 28558 40129 82180 110745 115136 124815 125908 143860 151821 159965 162300 163064 178533 231757 239724 252416 253698 270881 272380 283403 284821 293153 302136 302494 318611 329545 331473 353654 360550 365262 365794 374640 378034 383996 398772 405439 406178 429824 438147 441714 471148 471995 479101 501495 502741 533179 541609 558319 559024 560622 565368 569576 573091 573205 573514 587032 591030 599265 601902 605620 617867 620998 624980 629406 630501 637961 646796 657442 658631 672596 672932 680360 713457 719863 723631 726290 733450 735992 736942 749140 750293 756688 765227 774145 778931 781822 787498 787672 794806 820368 827810 830692 832502 844796 846017 850567 856176 857476 862404 868752 889995 891199 891274 897682 905192 910851 914749 915503

Node num :126
8329 13073 24151 34891 50022 56414 59448 61820 66455 76390 78021 78516 80477 95275 107210 108690 113717 114435 118938 120154 127072 139420 164137 164308 169436 171009 176233 181587 182683 189048 211982 216385 220588 248858 259188 261940 265803 270135 280321 280736 297395 298728 326637 337422 340839 342267 342415 356127 357197 358064 360835 384743 390118 391164 396509 401568 406850 411145 424139 431635 446279 454368 464137 473360 486500 491551 499394 506529 524874 532480 543219 550882 552431 557124 563855 567606 568687 569611 569671 582780 587118 598101 602621 602671 613973 614624 616269 625790 632438 642593 643043 673587 686076 687282 687597 694710 709175 734767 748525 755569 755616 760594 781336 781653 781765 786629 801959 802581 807879 808913 814568 818976 824686 831344 833633 843830 849919 854259 869755 880237 882514 885899 889582 894694 903390 903916