k = 30, KVCC num = 11
Node num :31
2413 29248 47988 50925 57119 62678 76575 77601 118848 160639 170971 185821 186726 199165 228500 233374 285065 293904 309990 360262 406924 480048 501710 517228 609461 764346 805818 853435 889170 912556 913924

Node num :31
47988 50925 62678 77601 118848 170971 185821 186726 199165 228500 233374 235867 268989 309990 360747 406924 414472 461384 463202 480048 495008 501710 599618 620807 645642 764346 772517 791355 805818 889170 913924

Node num :32
42038 47690 47988 50925 58579 62678 77601 113379 118848 170971 185821 186726 199165 226161 228500 233374 250149 271192 309990 406924 449846 468323 480048 501710 523686 753646 764346 805818 844310 845489 889170 913924

Node num :33
47988 50925 62678 77601 118848 170971 185821 186726 199165 213550 228500 233374 242798 257114 284388 289142 289573 309990 317522 406924 441049 480048 501710 605745 622000 677644 741701 764346 805818 817339 855611 889170 913924

Node num :34
3268 47995 64096 112147 156401 173976 223013 317409 323256 326797 370208 393010 427934 459803 464120 520911 529551 553727 584010 589857 591263 624867 639345 669075 724307 741880 753934 756058 787086 834756 836461 843376 879532 888853

Node num :35
2593 17403 33438 48288 91907 107986 133174 141260 162853 175113 241990 242560 247077 258837 317695 318631 339771 411732 422620 425193 464242 469779 473683 533704 551466 565750 574244 584678 642988 732717 737791 756173 767455 829531 893888

Node num :36
97635 163947 165517 168045 203508 295362 296114 298722 311999 377342 390670 399298 424799 429781 446650 447705 498761 506707 533030 540979 558906 690079 713737 717991 731635 741991 748929 763279 772047 792362 829435 841575 851980 868894 913605 914377

Node num :55
21260 23749 28020 32719 40569 52834 75564 76012 100246 106285 118404 142514 184657 201962 225065 237588 262443 271422 280368 305557 323945 329851 343435 344336 345108 350788 402154 407066 424583 454002 473353 474997 489615 515343 519206 535531 555372 581607 595324 596995 598958 641098 660380 695688 700105 707458 733380 771027 801164 812842 833790 854504 872153 888731 906534

Node num :66
7314 9488 88935 101972 143493 160798 175424 176542 178015 178601 212693 214638 238399 261055 266372 286340 289389 291854 310081 334473 336341 357449 382333 407891 439023 439576 442896 455861 505859 512777 519267 529632 537386 547523 569935 573277 587790 606065 624832 638333 642168 654806 670815 677876 721882 773743 779250 785812 791213 802682 803671 819293 820944 835305 836946 837145 842364 844773 845073 850561 853507 868329 870651 878646 888208 896891

Node num :76
583 40129 82180 110745 115136 151821 159965 162300 163064 239724 252416 270881 272380 293153 318611 331473 353654 360550 365262 365794 378034 383996 398772 438147 471148 471995 479101 501495 541609 558319 565368 569576 573091 573514 587032 599265 601902 605620 617867 620998 624980 630501 646796 657442 658631 672596 680360 713457 719863 723631 726290 733450 735992 749140 750293 774145 781822 787672 794806 820368 827810 830692 832502 844796 846017 850567 856176 857476 862404 868752 889995 891199 891274 905192 910851 914749

Node num :123
8329 13073 24151 34891 50022 56414 59448 61820 66455 76390 78021 78516 80477 95275 107210 108690 113717 114435 120154 127072 139420 164137 164308 169436 171009 176233 181587 182683 189048 211982 216385 220588 248858 259188 261940 265803 280321 280736 297395 298728 326637 337422 340839 342267 342415 356127 357197 358064 360835 384743 390118 391164 396509 401568 406850 411145 424139 431635 446279 454368 464137 473360 486500 491551 499394 506529 524874 532480 543219 552431 557124 563855 567606 568687 569611 569671 582780 587118 598101 602621 602671 613973 614624 616269 625790 632438 642593 643043 673587 686076 687282 687597 694710 709175 734767 748525 755569 755616 760594 781336 781653 781765 786629 801959 802581 807879 808913 814568 818976 824686 831344 833633 843830 849919 854259 869755 880237 882514 885899 889582 894694 903390 903916