k = 40, KVCC num = 11
Node num :42
3163 4142 6766 8983 11506 20397 25947 35084 37338 40068 41117 46599 52621 56581 56742 56942 58764 59854 60208 67971 82011 84369 111274 114581 146722 168189 177160 190117 211507 215344 217422 224024 225552 227061 231342 237365 238557 239505 242418 258117 263868 270771

Node num :46
2365 3163 4067 6829 8176 8529 9067 10816 11506 13296 15045 17929 18574 19539 22414 23402 23994 29186 30712 34995 35084 38136 41117 43617 53818 55045 56742 57395 58764 82011 84369 111274 114581 117778 146722 168189 176737 177160 211292 215344 224224 225552 226868 238109 252737 270771

Node num :48
3164 8494 15496 23259 28499 38172 46330 49173 55866 56946 69638 73530 80707 82167 82476 84906 86939 90543 105147 121417 128047 143037 151707 153144 153746 155979 165294 170473 193826 204315 212707 219188 223227 227591 228296 229242 235570 241587 251442 256234 259439 262801 265957 266513 267828 272254 273998 280200

Node num :50
7895 17483 18591 23702 27535 30797 33482 50530 55098 57448 60248 63955 64309 65881 70168 72498 76093 81775 88202 96581 97014 97366 106223 110894 112506 114133 121995 129862 131064 134813 138120 139396 143707 147134 153498 179691 181770 187783 192120 192940 219618 226411 228496 230392 234074 240846 245377 250652 265227 276835

Node num :50
2908 17676 24068 33693 37707 53433 54788 64106 70356 72699 75291 82121 87852 102610 112304 119312 121610 130439 141535 142155 153701 160166 163002 177988 181435 185552 185850 188013 189691 192120 192753 201992 218544 226411 226861 231518 231727 232264 234287 240484 242111 245723 255773 256147 259189 265901 270086 276483 277655 281436

Node num :50
3827 8979 15247 16615 24541 26723 37806 44093 48829 48974 57746 58820 88192 96664 96818 98105 98549 99254 99996 101774 127857 130353 133012 134190 138639 143936 162448 165984 168584 173373 176050 176611 178578 184799 190196 192120 193358 196928 203861 214088 219264 221054 226411 234947 239822 253952 255896 256059 261546 276306

Node num :53
551 1251 3163 5998 11506 26282 35084 41117 56742 58764 74526 79919 82011 83719 84369 85703 86409 98302 102828 106150 111274 112689 114581 121462 127198 131114 133386 142356 146722 152125 153285 157658 167296 168189 169558 172284 177160 179236 184390 190059 195522 195964 197444 198483 202334 204965 215344 225552 234036 270771 273918 274872 277668

Node num :109
529 964 6773 8992 15102 21870 22628 24598 27683 27781 37758 43968 46172 48610 51599 53029 59288 59420 60402 66123 68406 71053 74355 76787 79653 80619 83482 86630 87723 87975 91093 93923 96621 97493 98960 99759 100146 102198 103428 106787 108062 110543 110844 114525 114773 117449 123401 126780 127704 130654 132893 133294 134186 142472 144555 148909 149956 151011 152180 155285 155446 158040 159929 161291 161890 163930 164206 166419 169816 170752 175444 180862 183622 185254 188613 198889 199078 199487 202753 205928 208791 211862 212811 217122 221684 222158 223686 226411 231800 231853 236866 236945 237689 239017 239874 242941 248088 251467 252042 258173 259213 263768 263999 268003 271115 271503 273653 277098 278986

Node num :422
1542 2295 2431 4671 5294 6848 7972 8997 9587 9663 10149 10639 12942 13698 14137 14278 15401 17603 18593 18708 19566 20248 20346 21260 21291 22736 23000 23134 24001 25991 26309 27508 28046 29050 29419 31259 31824 32269 33012 34014 34232 35482 35619 35632 37536 37967 38244 38556 38628 39031 40283 40467 42388 43091 44420 44643 44830 45296 45371 47271 47935 48237 48435 48907 50097 51076 53577 53794 53965 54039 54591 55088 55700 56733 56880 57436 57936 58541 58941 59086 60020 62199 62406 62423 62797 63125 63436 63651 64543 64918 65138 65503 65634 66494 66621 66764 69510 70872 71354 72891 73322 73362 74208 74887 76130 76530 77423 78837 79047 79326 80574 80765 80828 81701 83249 83722 83943 84025 84178 85033 85116 86492 86598 86648 88485 88490 89613 89758 89940 90139 90515 91611 92520 93623 93787 94130 95161 95401 96055 96523 97707 99165 99466 99956 100340 100947 101019 102181 103313 104449 104523 104888 104901 105221 105528 105792 106380 106906 109360 110833 111723 112524 112768 112974 113597 113827 114198 114390 114990 115631 115917 116026 116207 116409 116926 117512 120477 120622 120810 121282 121449 122129 123286 124840 125399 126475 126700 128459 128572 128586 128922 131133 131284 131676 132097 132156 133136 133562 133673 134176 135684 135726 135926 135989 136550 136563 137601 137660 137747 138912 139921 140676 140770 141298 141299 141647 143046 143430 143559 144300 144990 147631 148466 148474 148721 148752 148807 148889 149863 149955 151125 151357 151858 153926 155821 156008 156393 159569 160684 161303 161552 161828 161834 162159 162907 164733 165640 165898 167090 169458 171336 171957 172569 174061 174240 177517 177556 178504 178766 179336 179370 181096 182617 182938 183410 184340 184345 185639 186378 187207 187623 188301 189526 189891 189938 191912 192841 192985 193584 193821 194518 194804 194901 195247 195454 196347 196892 198119 198684 198951 199644 199928 199986 200349 200735 201982 202096 202717 203525 205891 206083 207167 207499 207666 207949 208355 208865 209834 210612 211225 211306 211626 212082 212461 213255 213680 213709 214325 215538 215795 215981 216337 216545 216658 216886 217052 217328 218613 219082 219428 220005 220718 220770 220859 221336 221861 221891 222369 222491 223655 224038 224451 224597 225006 226411 226825 226902 227321 227566 228761 229617 230374 232260 232588 233074 233548 233772 234322 235155 236049 236102 236166 237300 239049 239605 239777 240128 240153 240898 241434 243077 243376 243489 243589 245225 245539 246802 246904 247401 247917 248611 248957 249911 250236 250362 250598 250763 251009 251990 252868 253627 254819 256056 257058 258094 258826 258962 259919 262987 263856 264170 265324 267686 268390 268755 268943 270701 271328 271994 272020 273753 273993 274209 275572 276239 277176 277286 277953 278152 278342 278845 278900

Node num :1100
321 441 578 1059 1590 2843 2866 2992 3127 3148 3149 3164 3336 3561 3593 4203 4297 5251 5883 6066 6288 6563 6578 6698 6786 6919 7127 7317 7412 7450 7569 7804 8428 8688 8744 8747 8819 8820 8972 9165 9203 9241 9251 9537 9547 9689 9925 10236 11226 11390 11528 11622 11845 12264 12544 12721 12967 13678 14041 14436 14569 14726 15131 15170 15240 15463 15470 15664 15811 15929 15931 16001 16891 16997 17073 17146 17322 17417 17513 17675 17916 18553 18746 19029 19140 19171 19265 19320 19405 19694 20217 20330 20814 21074 21180 21214 21216 21411 21613 21915 22187 22278 22303 22394 22571 22759 24057 25136 25270 25505 26088 26145 26290 26372 26452 26526 27817 28125 28228 28266 28499 28924 28933 29470 29511 30188 31911 32129 32217 32448 32499 32817 33213 34519 34648 34815 35014 35462 35714 36397 36633 36857 37308 37358 37970 38097 38263 38658 38663 39328 39441 39525 40173 40224 40744 41045 41712 42157 42847 43117 43295 44030 44487 44707 44982 45067 45233 45421 45647 45907 45966 46330 46349 46399 46606 47759 47819 48014 48155 48197 48527 48641 48787 49100 49154 49320 49760 49838 50114 50356 50417 50424 50509 50657 50970 50978 51011 51628 52083 52223 52283 52315 52374 52731 53038 53060 53274 53330 53608 53619 53934 54164 54396 54451 54521 54989 55509 55558 55808 55948 56177 56917 56926 56946 57053 57223 57490 57508 57789 57804 58411 58567 59108 59135 59169 59390 59513 59550 59933 60481 60729 61155 61304 62023 62434 62672 62801 62856 62858 63173 63662 63718 64278 64343 64424 64740 64746 65001 65014 65051 65176 65463 66013 66550 66551 66583 66825 66875 66942 68373 68394 68561 69223 69244 69368 69638 69674 70055 70439 70502 70582 70758 70766 71221 71245 71355 71641 72170 72369 73080 73096 73111 73371 73530 74293 74322 74480 74555 74659 74863 75382 75755 76472 77299 77654 77926 77942 78029 78386 78404 78918 79174 79201 79229 79592 79636 80139 80967 81187 81423 81447 81491 81624 82167 82476 82502 82530 82804 82944 83227 83373 83678 84012 84123 84233 84783 84906 85626 85682 86270 86335 86613 86939 87178 87534 87672 88183 88567 88661 88750 88841 88924 89372 90303 90531 90543 90767 90834 91071 91181 91373 91413 91511 91692 91764 92809 93346 93553 93701 93897 93949 94039 94186 94561 94702 94763 94861 94964 95072 95224 96222 96270 96500 97029 97173 97344 97459 97670 97758 98034 98826 99232 99461 99577 99738 99740 99743 99801 100221 100793 101211 101232 101285 101392 101514 101576 101858 101969 102475 102571 102578 103176 103456 103496 103870 103899 104105 104236 104424 104804 105147 105991 106348 107269 107281 107314 107506 107926 108218 108332 108780 108894 108920 109805 109862 109866 109884 110690 110793 110826 111408 111440 111871 112148 112525 112803 112847 113074 114455 114493 115026 115104 115149 115274 115343 115840 116268 116398 116556 116558 116591 116681 116692 116780 116934 117101 117392 117483 117981 118000 118009 118263 118630 119241 119476 119602 120235 120282 120366 120540 121303 121417 121742 121942 122812 122835 122972 122983 123142 123223 123332 123383 123607 123656 124040 124111 124800 124980 125078 125325 125804 125823 125831 126054 126213 126284 126324 126511 127010 127141 127305 127313 127400 127537 127980 128047 128367 128630 128634 128892 129328 129793 129927 130157 130650 130653 131205 131400 132638 132796 133438 133617 133637 133669 133670 133715 134159 134191 134883 134914 135092 135448 135486 135953 136162 136567 137045 137255 137564 137580 138069 138262 138331 138356 138528 138757 139064 139279 139599 139752 139845 139891 139931 140108 140762 140844 140860 142493 143037 143064 143084 143393 143488 143796 143933 143961 144556 144984 145039 145064 145617 145726 146208 146256 146943 147022 147191 147773 147802 147915 148363 148453 149091 149349 149548 149571 150384 150542 150587 150830 151161 151268 151569 151576 151707 151903 152126 152471 152771 152891 153746 153998 154177 154265 154302 154746 154884 154926 154932 155844 155913 155988 156270 156401 156860 157126 157265 157682 158127 158424 158489 158503 158653 159536 159740 160265 160271 160291 160679 161426 161584 161734 161852 161938 162221 162924 163852 163867 163944 164148 164541 164832 164883 165294 165611 165635 165715 166357 166566 166593 167009 167052 167201 167298 167630 168224 168644 168690 169608 169702 170107 170155 170454 170473 170593 170810 170846 171316 171421 171427 171676 171817 172140 172451 172605 173778 175294 175392 175512 175870 176434 176448 176662 176824 177212 177888 178183 178354 178570 178627 179059 179316 179440 179931 179964 180469 180577 180888 180946 181089 181247 181515 181582 181684 182415 182503 182618 182816 183051 183088 183148 183244 183454 183458 183586 183963 184323 184969 185326 185543 185723 186032 186475 186502 186772 187165 187818 188022 188279 189211 189423 189466 189482 189844 190124 190307 190375 190451 190614 190843 191333 191534 191972 192751 192835 193173 193305 193487 193826 194013 194337 194499 195098 195614 195725 195918 196009 196800 197042 197062 197080 197551 197722 198313 198760 198816 198948 198959 199042 199569 199706 199939 200313 200387 200743 200889 201128 201204 201323 201409 201421 201452 201545 201888 201977 202192 202462 202536 202647 202894 202989 203337 203349 203910 203915 204111 204315 204711 204874 205029 205109 205133 205355 205948 205986 205999 206958 207381 207454 207865 208576 208729 209220 209275 209483 209789 210247 210332 210417 210478 210852 210928 211707 211726 211774 212259 212400 212707 212801 212864 212997 213423 213465 213710 213933 214220 214316 214629 215530 215606 215647 215888 216678 216742 216993 217108 217282 217717 217945 218435 218532 218829 219188 220186 220262 220379 220381 220562 220812 220904 221064 221177 221803 221912 221936 222305 222428 222630 222782 222946 223684 223893 224013 224146 224270 224372 224534 224765 225223 225390 225429 225553 225785 225954 225971 225983 226144 226588 226734 227144 227187 227304 227463 227591 228296 228601 228780 229658 229704 230409 230425 230565 230648 230754 230791 230911 230991 231196 231725 232059 232313 232672 233246 233370 233403 233593 233888 234672 235451 235570 236616 236705 237009 237192 237243 237289 237890 238007 238022 238305 238680 239105 239389 239710 239760 239997 240067 240236 240596 240606 240853 241033 241321 241399 241587 241698 241832 241926 242342 242595 243381 243922 244528 244802 244969 245026 245065 245366 245410 245455 246113 246358 246371 246536 246670 246806 247847 248084 248122 248311 248676 248691 249163 249621 249718 250106 250616 250795 251342 251442 251618 251676 251823 251958 252121 252924 252931 253187 253737 253834 254006 254576 254923 255020 255049 255743 255952 256234 256401 256456 256510 256842 256916 257553 258264 258491 258566 258630 258940 259195 259207 259439 259749 260335 260564 260568 260582 261570 261654 262059 262337 262581 262584 262586 262801 262813 262844 262911 263334 263594 263674 264253 264378 264423 264484 264875 265301 265957 266032 266155 266356 266475 266513 266706 267457 267919 267959 268455 268741 268779 268809 268879 269010 269036 269250 269310 269596 269692 269766 270030 270275 270450 270598 270762 272130 272254 272608 272766 272840 273551 273678 273998 275275 275354 275449 275899 276432 276447 276497 276913 277112 277747 278026 278407 279148 279375 279392 280200 280648 281875

Node num :1907
68 144 197 257 349 501 598 626 913 1256 1423 2040 2255 2257 2298 2401 2422 2438 2638 2779 2798 2951 3153 3182 3445 3544 3842 3939 3956 4061 4109 4149 4591 4790 5072 5103 5468 5562 5921 6335 6526 6684 6792 6840 6955 6997 7016 7382 7399 7400 7519 7695 7779 7999 8113 8125 8151 8626 8653 8679 8704 8825 8964 9033 9056 9075 9101 9194 9404 9601 9643 10010 10139 10199 10272 10321 10407 10598 10818 10929 11016 11193 11209 11747 11890 11919 12121 12227 12250 12564 12753 12795 12849 12983 13116 13143 13264 13409 13617 13715 13728 13804 13905 13956 13976 14112 14246 14440 14487 14604 14709 14893 15004 15354 15452 15458 15576 15633 15690 15700 15736 15977 16282 16303 16613 17438 17650 17688 17737 17750 17758 17867 18037 18259 18363 18383 18522 18949 18966 19375 19526 19573 19727 19772 19991 20035 20061 20157 20525 20578 20600 20884 21204 21325 21353 22193 22200 22272 22372 22425 22501 22519 22746 22921 22943 23084 23148 23156 23532 23585 23685 23815 24224 24243 24279 24643 24664 24851 24998 25814 25815 25830 26246 26301 26335 26386 26495 27038 27107 27576 27863 27914 28082 28243 28486 28571 28691 28818 28918 28946 29069 29115 29192 29298 29308 29328 29400 29631 29713 30006 30172 30214 30312 30349 30858 30892 31039 31137 31165 31471 31612 32059 32149 32591 32615 33152 33259 33294 33771 33811 33841 33960 34099 34454 34542 34794 34876 34986 35109 35298 35337 35640 35664 36065 36072 36090 36115 36214 36291 36594 36627 36711 37077 37172 37191 37541 37628 37768 37770 37920 38018 38451 38908 38925 39100 39140 39249 39891 39982 40245 40270 40610 40783 40797 40814 40951 41209 41235 41327 41347 41372 41541 41735 41856 42285 42438 42834 43111 43240 43342 43755 43810 43961 43987 44144 44282 44313 44606 44744 44833 44867 44884 44943 44947 45388 45512 45890 46027 46151 46152 46175 46435 46679 46793 46955 47014 47251 47359 47412 47649 47733 47737 47757 47775 47850 47854 47994 48300 48344 48594 48624 48765 49288 49603 49869 49919 49963 50461 50490 50528 50878 50923 51025 51313 51329 51360 51441 51870 51984 52227 52389 52415 52508 52540 52591 52680 52741 52941 53003 53031 53085 53182 53341 53712 53956 54161 54241 54313 54557 54871 55317 55341 55695 55709 55815 55853 56034 56213 56268 56291 56307 56551 56743 56868 56912 57607 57868 58228 58476 58702 58731 59040 59282 59400 59412 59881 60021 60136 60510 60610 60760 60929 60966 61101 61116 61141 61525 61626 61729 62073 62130 62196 62243 62315 62336 62734 62758 63101 63131 63180 63291 63337 63381 63425 63443 63710 63852 63856 64236 64812 64898 65153 65186 65486 65645 65682 65694 65801 65981 66118 66143 66313 66734 66743 66876 66982 67237 67269 67320 67352 67471 67579 67762 67882 67914 67929 67963 68009 68017 68047 68125 68415 68423 68549 68855 68876 68992 69096 69432 69665 69723 69916 70095 70474 70784 70832 71033 71218 71576 71759 71958 71990 72001 72119 72239 72744 72779 72948 73141 73170 73357 73686 73707 73741 73833 73873 74344 74440 74534 74727 74732 74906 74977 74994 75004 75055 75122 75347 75386 75610 75860 75909 75952 76666 76681 76801 77021 77284 77382 77517 77527 77540 77694 77738 77939 78406 78428 78537 78567 78621 79135 79528 79543 79677 79706 79910 80020 80095 80130 80268 80463 80500 80699 80721 80835 80984 81341 81450 81759 81838 82001 82008 82031 82314 82346 82515 82568 82637 82670 83341 83490 83994 84194 84207 84236 84320 84382 84736 84748 84755 84862 84916 85245 85504 85547 85928 86072 86088 86393 86601 86624 86965 86997 87180 87191 87420 87602 87803 87810 88082 88229 88243 88334 88535 88563 88679 88693 88779 89102 89106 89205 89336 89430 89452 89467 89943 89984 90119 90375 90415 90493 90521 90629 90771 90948 91080 91135 91168 91654 91686 92006 92106 92108 92111 92121 92606 92768 92890 93092 93301 93304 93340 93603 93638 93814 93879 93910 93928 94060 94115 94179 94531 94615 94775 95434 95589 95668 95709 95925 96025 96033 96632 96705 96967 97165 97270 97552 97705 97840 97882 98309 98898 98963 99179 99309 99397 99411 99454 99486 99553 99578 100000 100027 100074 100139 100611 100738 100798 100960 101011 101142 101320 101350 101407 101704 101750 101837 102104 102124 102196 102278 102304 103180 103225 103604 103607 103827 103954 104106 104139 104251 104274 104434 104500 104684 104810 104849 104960 105007 105337 105431 105522 105969 106017 106111 106369 106570 106676 106760 106977 107114 107218 107368 107584 107605 107764 107838 107878 108131 108155 108196 108261 108269 108653 109595 109600 109624 109689 109777 109908 109917 109985 110327 110633 110664 110738 110764 111363 111457 111617 111664 111771 111802 111849 111923 112042 112104 112132 112215 112311 112680 112742 112918 113343 113366 113486 113543 113793 113814 113942 114206 114379 114616 114724 114756 115114 115172 115370 115559 115562 115700 115813 115825 116046 116072 116299 116354 116776 116838 116848 116962 116968 116999 117236 117243 117288 117381 117891 117930 118277 118305 118426 118617 118708 118735 118789 118828 119146 119279 119456 119550 119615 119964 120054 120299 120626 120759 120785 121183 121416 121421 121607 121954 121987 122224 122251 122388 122524 122544 122612 122889 122916 122961 123005 123203 123462 123563 123578 123609 123730 123844 124037 124381 124579 124865 124914 125067 125150 125278 125304 125437 125587 125725 125971 126057 126328 126341 126368 126531 126771 126827 126891 126917 126931 127204 127328 127692 127763 127817 127969 128048 128072 128229 128652 128673 128803 129185 129472 129941 129983 130282 130296 130314 130346 130436 130551 130668 130832 130980 131428 131454 131468 131570 131684 131693 131719 131986 132007 132059 132544 132561 132587 132679 132693 132713 133256 133287 133563 133618 133719 133763 133852 133882 134083 134149 134219 134228 134410 134665 134708 134816 135148 135250 135264 135381 135564 135632 135724 136405 136684 137248 137351 137385 137690 137788 137805 137904 138190 138290 138686 138802 138840 138988 139002 139463 139924 140247 140304 140340 140485 140547 140564 140682 140698 140741 140823 140830 141011 141071 141308 141315 141612 141639 141656 141683 141778 141796 141831 142185 142279 142536 142654 142685 142795 143205 143235 143428 143548 143550 143578 143888 144026 144141 144340 144871 144883 144983 145246 145329 145407 145410 145500 145596 145822 145825 145860 146117 146164 146263 146365 146405 146435 146744 146780 146872 147361 147464 147486 147731 147827 147923 148094 148263 148278 148475 148626 148637 148758 149066 149391 149651 149998 150019 150034 150234 150338 150536 150873 151277 151388 151477 151515 151878 151897 152007 152107 152170 152349 152360 152441 152741 152774 152878 152898 152933 152944 153010 153293 153354 153382 153679 153812 153863 153903 154011 154185 154494 154525 154555 154602 154835 154869 155050 155117 155217 155403 155461 155467 155684 155828 156242 156491 156655 156853 156880 156914 156951 157000 157064 157246 157454 157555 157579 157924 158036 158194 158632 158654 158667 158894 159030 159366 159583 159604 160570 160810 160843 161093 161174 161290 161414 161434 161448 161748 161777 162000 162043 162272 162296 162368 162479 162504 162506 162538 162650 162932 162989 163046 163330 163356 163464 163619 163897 163972 164190 164218 164271 164542 164701 165229 165532 165643 165669 165710 166030 166051 166068 166168 166249 166534 166571 167077 167104 167260 167711 167756 167791 167879 168196 168198 168322 168342 168397 168687 169281 169372 169482 169789 169869 169892 169973 170005 170015 170063 170208 170290 170317 170528 170553 170571 170758 170768 170794 170930 171165 172324 172470 172560 172805 173001 173034 173107 173479 173495 173587 173650 173746 173934 173953 174002 174011 174044 174308 174764 174833 175044 175063 175401 175433 175444 175682 175696 175802 175863 175865 175970 176213 176296 176431 177097 177164 177176 177431 177701 177727 177985 177993 178256 178430 178465 178575 178927 178964 179099 179529 179722 179803 179959 179969 180063 180089 180213 180357 180514 180516 180648 180743 180782 180920 181222 181273 181473 181861 181872 181920 182085 182165 182443 182886 182989 183405 183422 183505 183540 183885 184132 184159 184551 184595 184655 184697 184715 184808 184918 185084 185108 185409 185684 185782 185890 186288 186339 186392 186599 186686 186765 186818 187095 187254 187399 187415 187508 187580 187768 187821 187909 187986 188031 188133 188278 188366 188539 189117 189166 189537 189687 189792 189908 190304 190575 190732 190823 190938 190968 191134 191468 191505 191659 192585 192788 192874 193027 193136 193290 193369 193387 193499 193649 193939 194019 194110 194123 194233 194405 194545 194940 194976 194981 195144 195310 195355 195848 195856 196367 196861 197315 197338 197477 197580 197616 197685 197852 197925 197999 198142 198188 198599 198762 198783 198939 199169 199248 199493 199602 199809 199827 199899 199934 200030 200083 200116 200378 200380 200528 200724 200822 200910 201454 201528 201793 201856 201988 202006 202127 202327 202466 202541 202698 203069 203274 203627 203707 203887 203962 204062 204065 204491 204569 204593 204636 204753 205156 205247 205373 205831 205918 206048 206230 206340 206430 206455 206588 206630 206769 206805 206890 207332 207438 207511 207765 207851 208250 208404 208435 208677 208744 208838 208971 209300 209325 209452 209499 209864 209902 210251 210289 210361 210608 210786 211036 211107 211135 211175 211260 211283 211407 211655 211857 211870 211907 211974 212210 212302 212329 212449 212572 212788 212873 212894 213132 213696 213772 213962 214201 214275 214876 215199 215448 215533 215589 215730 215950 215965 216040 216061 216117 216144 216335 216532 216611 216661 216949 217002 217065 217112 217531 217545 217639 217679 217773 217810 217919 218124 218203 218268 218460 218474 218857 219054 219159 219623 220085 220115 220136 220309 220454 220656 220704 220953 220980 221018 221176 221380 221534 221541 221712 221974 222203 222388 222609 222614 222708 222736 222953 223125 223171 223190 223220 223222 223323 223649 223681 224193 224231 224294 224339 224458 224665 224776 225034 225206 225334 225877 226005 226137 226258 226411 226429 226445 226705 226821 226859 226895 227159 227362 227384 227390 227753 227866 227880 228097 228322 228406 228413 228648 229055 229067 229304 229496 229595 229846 230747 230963 231126 231243 231264 231351 231378 231707 231730 231767 231821 231863 232037 232201 232204 232301 232410 232712 232717 232822 233519 233948 234092 234705 234794 235043 235090 235247 235255 235469 235858 235859 235870 235976 236258 236294 236386 236434 236526 236861 236921 237355 237437 237450 237454 237539 237882 238086 238134 238139 238429 238487 238492 238604 238639 238745 239009 239129 239274 239574 239595 239654 239707 239960 240141 240162 240546 240708 240749 241022 241068 241376 241400 241475 241501 241618 241681 241928 242250 242264 242359 242426 242840 242941 242949 243268 243298 243446 243821 243852 244232 244429 244656 244670 244742 244756 244869 244978 244995 245056 245107 245290 245299 245335 245744 246117 246180 246542 246928 247000 247215 247538 247684 247702 247883 248150 248223 248255 248259 248496 248719 248759 248850 249177 249240 249277 249380 249496 249768 249915 250042 250105 250200 250486 250596 251090 251382 251990 252035 252173 252321 252462 252761 252767 253029 253058 253245 253479 253977 254097 254107 254207 254326 254525 254682 254719 254800 254851 255117 255156 255259 255288 255706 256140 256223 256267 256413 256739 256907 257022 257112 257272 257314 257437 257476 257566 257574 257837 258106 258874 258900 258909 259043 259090 259094 259236 259428 259471 259771 259799 259807 259815 259906 259941 260185 260415 260536 261069 261186 261229 261249 261267 261461 261777 262038 262133 262267 262300 262447 262487 262714 262837 262867 263065 263109 263558 263872 263889 264103 264400 264420 264486 264634 264834 264966 265069 265318 265358 265387 265538 265619 265649 265724 265868 266067 266250 266327 266417 266488 266645 266667 267214 267345 267526 267775 268119 268120 268234 268270 268648 268998 269198 269290 269468 269537 269562 269698 269951 270191 270240 270300 270485 270591 270734 270817 271205 271317 271637 271976 271990 272219 272299 272361 272558 272690 272821 272902 273062 273108 273292 273300 273434 273467 273609 273644 273775 273970 274105 274378 274425 274654 275083 275212 275462 275469 275793 276037 276102 276129 276140 276237 276488 276739 276782 277039 277195 277316 277321 277336 277369 277384 277488 278033 278196 278218 278297 278409 278745 278991 279021 279153 279189 279226 279269 279519 279568 279611 279692 279714 279841 279846 280212 280259 280400 280730 280748 280858 280907 281013 281196 281273 281472 281595 281662 281728 281824